ID	Flow
0	0.000000000000000
1	225.855513307984779
2	225.855513307984779
3	234.460694698354644
4	0.000000000000000
5	234.460694698354644
6	234.460694698354644
7	0.000000000000000
8	225.855513307984779
9	234.460694698354644
10	0.000000000000000
11	400.315824307848004
12	409.204784291059354
13	409.204784291059354
14	1049.575806707026914
15	826.625717956724543
16	534.587851917330227
17	534.587851917330227
18	534.587851917330227
19	579.892502851428617
20	579.892502851428617
21	0.000000000000000
22	225.855513307984779
23	225.855513307984779
24	225.855513307984779
25	463.039628831450500
26	225.855513307984779
27	451.711026615969558
28	451.711026615969558
29	635.530348658521234
30	467.236468122354097
31	467.236468122354097
32	0.000000000000000
33	447.411803638183130
34	428.161267301890121
35	533.604571243165992
36	533.604571243165992
37	225.855513307984779
38	1279.847908745247196
39	1279.847908745247196
40	1279.847908745247196
41	1279.847908745247196
42	1279.847908745247196
43	1279.847908745247196
44	1254.752851711026779
45	1254.752851711026779
46	225.855513307984779
47	533.604571243165992
48	533.604571243165992
49	428.161267301890007
50	0.000000000000000
51	225.855513307984779
52	194.805194805194844
53	194.805194805194844
54	194.805194805194844
55	194.805194805194844
56	194.805194805194844
57	194.805194805194844
58	269.991562763663637
59	194.805194805194844
60	0.000000000000000
61	194.805194805194844
62	225.855513307984779
63	0.000000000000000
64	0.000000000000000
65	0.000000000000000
66	234.460694698354644
67	225.855513307984779
68	0.000000000000000
69	234.460694698354644
70	234.460694698354644
71	0.000000000000000
72	234.460694698354644
73	234.460694698354644
74	0.000000000000000
75	234.460694698354644
76	225.855513307984779
77	0.000000000000000
78	234.460694698354644
79	225.855513307984779
80	0.000000000000000
81	1110.033765638427667
82	828.477091609737954
83	0.000000000000000
84	409.204784291059354
85	400.315824307848004
86	821.927219900268256
87	821.927219900268256
88	881.281926170859606
89	409.204784291059354
90	116.823725387212676
91	339.773814137514876
92	234.460694698354644
93	526.498560737749131
94	234.460694698354644
95	234.460694698354644
96	234.460694698354644
97	234.460694698354644
98	354.036989543443724
99	308.732338609345391
100	354.036989543443724
101	354.036989543443724
102	0.000000000000000
103	579.892502851428617
104	225.855513307984779
105	0.000000000000000
106	0.000000000000000
107	0.000000000000000
108	0.000000000000000
109	0.000000000000000
110	237.184115523465664
111	0.000000000000000
112	0.000000000000000
113	237.184115523465664
114	225.855513307984779
115	0.000000000000000
116	0.000000000000000
117	0.000000000000000
118	409.674835350536341
119	225.855513307984779
120	0.000000000000000
121	467.236468122354097
122	447.411803638183130
123	0.000000000000000
124	961.765838545055885
125	961.765838545056113
126	451.711026615969558
127	451.711026615969558
128	759.460084551150771
129	759.460084551150771
130	426.615969581749027
131	401.520912547528553
132	175.665399239543746
133	175.665399239543746
134	175.665399239543746
135	175.665399239543746
136	175.665399239543746
137	175.665399239543746
138	175.665399239543746
139	175.665399239543746
140	175.665399239543746
141	175.665399239543746
142	175.665399239543746
143	200.760456273764277
144	200.760456273764277
145	200.760456273764277
146	225.855513307984779
147	0.000000000000000
148	194.805194805194844
149	225.855513307984779
150	194.805194805194844
151	194.805194805194844
152	0.000000000000000
153	0.000000000000000
154	0.000000000000000
155	0.000000000000000
156	0.000000000000000
157	0.000000000000000
158	0.000000000000000
159	0.000000000000000
160	269.991562763663637
161	194.805194805194844
162	194.805194805194844
163	269.991562763663637
164	387.931034482758605
165	402.834763148078991
166	643.965517241379303
167	643.965517241379303
168	643.965517241379303
169	643.965517241379303
170	643.965517241379303
171	387.931034482758605
172	547.351514356889993
173	321.496001048905157
174	918.532224243656174
175	990.513625647681124
176	537.405777851273911
177	537.405777851273911
178	0.000000000000000
179	444.022320277287804
180	0.000000000000000
181	424.917621337481819
182	529.562112370111663
183	529.562112370111663
184	224.144486692015164
185	249.239543726235695
186	249.239543726235695
187	274.334600760456283
188	274.334600760456283
189	274.334600760456283
190	274.334600760456283
191	274.334600760456283
192	274.334600760456283
193	224.144486692015164
194	529.562112370111663
195	529.562112370111663
196	424.917621337481819
197	397.283128669152234
198	406.104748046430132
199	406.104748046430132
200	436.038917476474808
201	600.668730138734304
202	568.614765981891310
203	568.614765981891310
204	342.759252673906531
205	472.661870503597129
206	0.000000000000000
207	450.000000000000000
208	450.000000000000000
209	224.144486692015164
210	452.512595469781900
211	452.512595469781900
212	461.331888200715127
213	467.213114754098342
214	467.213114754098342
215	467.213114754098342
216	467.213114754098342
217	567.247397618899186
218	341.391884310914406
219	467.213114754098342
220	467.213114754098342
221	0.000000000000000
222	467.213114754098342
223	567.247397618899186
224	567.247397618899186
225	341.391884310914406
226	387.931034482758605
227	341.391884310914406
228	402.834763148078991
229	387.931034482758605
230	643.965517241379303
231	402.834763148078991
232	450.000000000000000
233	450.000000000000000
234	450.000000000000000
235	450.000000000000000
236	450.000000000000000
237	450.000000000000000
238	450.000000000000000
239	450.000000000000000
240	387.931034482758605
241	643.965517241379303
242	547.351514356889993
243	387.931034482758605
244	224.144486692015164
245	450.000000000000000
246	918.532224243656174
247	788.709115803003669
248	670.413405335788411
249	598.432003931763575
250	537.405777851273911
251	960.579456217636334
252	815.700498537387375
253	815.700498537387375
254	0.000000000000000
255	537.405777851273911
256	444.022320277287804
257	0.000000000000000
258	0.000000000000000
259	868.939941614769623
260	1289.413864760732395
261	0.000000000000000
262	954.479733707593368
263	954.479733707593368
264	448.288973384030328
265	448.288973384030328
266	753.706599062126770
267	753.706599062126770
268	473.384030418250859
269	498.479087452471390
270	249.239543726235695
271	249.239543726235695
272	274.334600760456283
273	249.239543726235695
274	274.334600760456283
275	274.334600760456283
276	274.334600760456283
277	274.334600760456283
278	274.334600760456283
279	274.334600760456283
280	274.334600760456283
281	274.334600760456283
282	274.334600760456283
283	274.334600760456283
284	406.104748046430132
285	397.283128669152234
286	600.668730138734304
287	436.038917476474808
288	450.000000000000000
289	482.053964156842994
290	450.000000000000000
291	450.000000000000000
292	224.144486692015164
293	450.000000000000000
294	472.661870503597129
295	342.759252673906531
296	0.000000000000000
297	472.661870503597129
298	450.000000000000000
299	0.000000000000000
300	450.000000000000000
301	450.000000000000000
302	224.144486692015164
303	450.000000000000000
304	452.512595469781900
305	224.144486692015164
306	452.512595469781900
307	452.512595469781900
308	461.331888200715127
309	452.512595469781900
310	467.213114754098342
311	461.331888200715127
312	467.213114754098342
313	467.213114754098342
314	467.213114754098342
315	467.213114754098342
316	567.247397618899186
317	467.213114754098342
318	224.144486692015164
319	450.000000000000000
320	467.213114754098342
321	341.391884310914406
322	467.213114754098342
323	467.213114754098342
324	0.000000000000000
325	467.213114754098342
326	467.213114754098342
327	0.000000000000000
328	567.247397618899186
329	467.213114754098342
330	450.000000000000000
331	450.000000000000000
332	224.144486692015164
333	450.000000000000000
334	450.000000000000000
335	450.000000000000000
336	450.000000000000000
337	450.000000000000000
338	450.000000000000000
339	450.000000000000000
340	215.539305301645300
341	0.000000000000000
342	215.539305301645300
343	215.539305301645300
344	450.000000000000000
345	450.000000000000000
346	450.000000000000000
347	450.000000000000000
348	450.000000000000000
349	215.539305301645300
350	0.000000000000000
351	368.009634977740973
352	376.181240295640464
353	376.181240295640464
354	398.017518832917233
355	193.059893385271096
356	301.203352892355952
357	301.203352892355952
358	301.203352892355952
359	325.465583369762385
360	325.465583369762385
361	450.000000000000000
362	450.000000000000000
363	419.169562119376906
364	419.169562119377019
365	427.339012228030811
366	432.786885245901658
367	432.786885245901658
368	432.786885245901658
369	850.850902457281336
370	810.132565331712385
371	412.143409787311498
372	412.143409787311498
373	0.000000000000000
374	411.304886151592882
375	522.220151617826559
376	648.041382061010381
377	648.041382061010381
378	450.000000000000000
379	450.000000000000000
380	450.000000000000000
381	432.786885245901658
382	432.786885245901658
383	0.000000000000000
384	432.786885245901658
385	558.608115689085594
386	558.608115689085594
387	558.608115689085594
388	558.608115689085594
389	558.608115689085594
390	558.608115689085594
391	450.000000000000000
392	558.608115689085594
393	900.000000000000000
394	900.000000000000000
395	900.000000000000000
396	900.000000000000000
397	900.000000000000000
398	900.000000000000000
399	900.000000000000000
400	900.000000000000000
401	900.000000000000000
402	450.000000000000000
403	774.147420990731007
404	882.786885245901658
405	432.786885245901658
406	215.539305301645300
407	215.539305301645300
408	432.786885245901658
409	648.326190547546958
410	648.326190547546958
411	882.786885245901658
412	665.539305301645300
413	900.000000000000000
414	900.000000000000000
415	900.000000000000000
416	900.000000000000000
417	900.000000000000000
418	450.000000000000000
419	900.000000000000000
420	900.000000000000000
421	774.147420990731007
422	882.786885245901658
423	0.000000000000000
424	626.844191453238182
425	890.229786595567361
426	0.000000000000000
427	376.181240295640464
428	368.009634977740973
429	755.596251276737803
430	755.596251276737803
431	810.160928620228788
432	1186.313805627352849
433	621.014522837361937
434	866.690485410577253
435	1066.390207758926636
436	540.182731040461931
437	648.326190547546958
438	648.326190547546958
439	648.326190547546958
440	648.326190547546958
441	758.252468615663929
442	728.542365120386648
443	744.635145489139290
444	744.635145489139177
445	869.169562119376906
446	775.465583369762271
447	450.000000000000000
448	450.000000000000000
449	427.339012228030811
450	419.169562119377019
451	0.000000000000000
452	412.143409787311498
453	411.304886151592882
454	0.000000000000000
455	512.068965517241281
456	531.741887355464314
457	256.034482758620641
458	512.068965517241281
459	578.503998951094900
460	578.503998951094900
461	578.503998951094900
462	578.503998951094900
463	970.252345390731762
464	598.180365594084037
465	598.180365594084037
466	0.000000000000000
467	586.109462766019874
468	0.000000000000000
469	524.413729843280976
470	536.058267421287724
471	536.058267421287724
472	445.103696520144524
473	450.000000000000000
474	450.000000000000000
475	450.000000000000000
476	255.194805194805156
477	255.194805194805156
478	353.688947220399427
479	255.194805194805156
480	512.068965517241281
481	255.194805194805156
482	786.936692550269527
483	865.757912737640709
484	609.723429979020011
485	786.936692550269527
486	767.263770712046608
487	511.229287953425796
488	833.698804145899999
489	962.068965517241168
490	900.000000000000000
491	900.000000000000000
492	900.000000000000000
493	900.000000000000000
494	450.000000000000000
495	450.000000000000000
496	1306.026568545313921
497	909.381918625821640
498	1043.284062114228618
499	1506.310612812019144
500	1076.724658069351335
501	1076.724658069351335
502	0.000000000000000
503	598.180365594084037
504	586.109462766019874
505	0.000000000000000
506	0.000000000000000
507	586.109462766019874
508	524.413729843280976
509	0.000000000000000
510	536.058267421287724
511	524.413729843280976
512	502.290680745202394
513	507.973045229384013
514	483.501346189969240
515	443.181818181818130
516	443.181818181818130
517	483.501346189969240
518	507.973045229384013
519	502.290680745202280
520	502.290680745202394
521	0.000000000000000
522	1010.263725974586350
523	1010.263725974586350
524	991.474391419353196
525	991.474391419353196
526	926.683164371787598
527	926.683164371787598
528	443.181818181818130
529	443.181818181818130
530	0.000000000000000
531	502.290680745202280
532	517.745778614285541
533	523.602985082595865
534	498.378310688122269
535	456.818181818181984
536	456.818181818181984
537	498.378310688122269
538	523.602985082595865
539	517.745778614285541
540	517.745778614285541
541	0.000000000000000
542	1041.348763696881406
543	1041.348763696881406
544	1021.981295770718134
545	1021.981295770718134
546	955.196492506304139
547	955.196492506304139
548	456.818181818181984
549	456.818181818181984
550	0.000000000000000
551	517.745778614285541
552	457.913682697388026
553	469.579239704960173
554	450.000000000000000
555	450.000000000000000
556	469.579239704960173
557	469.579239704960173
558	457.913682697388026
559	0.000000000000000
560	939.158479409920346
561	927.492922402348199
562	919.579239704960173
563	919.579239704960173
564	450.000000000000000
565	450.000000000000000
566	0.000000000000000
567	469.579239704960173
568	449.736652649220389
569	461.193896138800142
570	450.000000000000000
571	450.000000000000000
572	461.193896138800142
573	461.193896138800142
574	449.736652649220389
575	0.000000000000000
576	922.387792277600283
577	910.930548788020587
578	911.193896138800142
579	911.193896138800142
580	450.000000000000000
581	450.000000000000000
582	0.000000000000000
583	461.193896138800142
584	306.659454186931157
585	306.659454186931157
586	306.659454186931157
587	240.372670807453460
588	240.372670807453460
589	332.730269585587166
590	332.730269585587166
591	332.730269585587166
592	306.659454186931157
593	0.000000000000000
594	532.368431336939466
595	532.368431336939466
596	532.368431336939466
597	532.368431336939466
598	573.102940393040626
599	547.032124994384617
600	240.372670807453460
601	240.372670807453460
602	0.000000000000000
603	332.730269585587166
604	267.435570511858543
605	267.435570511858543
606	267.435570511858543
607	209.627329192546597
608	209.627329192546597
609	290.171746731616679
610	290.171746731616679
611	290.171746731616679
612	267.435570511858543
613	0.000000000000000
614	464.274794770586709
615	464.274794770586709
616	464.274794770586709
617	464.274794770586709
618	499.799075924163276
619	477.062899704405140
620	209.627329192546597
621	209.627329192546597
622	0.000000000000000
623	290.171746731616679
624	209.085991491089430
625	209.085991491089430
626	209.085991491089430
627	225.000000000000000
628	225.000000000000000
629	226.861547444718497
630	226.861547444718497
631	226.861547444718497
632	209.085991491089430
633	0.000000000000000
634	362.978475911549594
635	362.978475911549594
636	362.978475911549594
637	362.978475911549594
638	451.861547444718440
639	434.085991491089430
640	225.000000000000000
641	225.000000000000000
642	0.000000000000000
643	226.861547444718497
644	382.425859203733637
645	386.752204890553742
646	368.120343121908491
647	450.000000000000000
648	450.000000000000000
649	368.120343121908491
650	386.752204890553742
651	382.425859203733580
652	382.425859203733637
653	0.000000000000000
654	769.178064094287265
655	769.178064094287492
656	754.872548012462175
657	754.872548012462175
658	818.120343121908491
659	818.120343121908491
660	450.000000000000000
661	450.000000000000000
662	0.000000000000000
663	382.425859203733580
664	450.000000000000000
665	415.423349496456581
666	450.000000000000000
667	450.000000000000000
668	450.000000000000000
669	450.000000000000000
670	450.000000000000000
671	450.000000000000000
672	456.306517113492987
673	0.000000000000000
674	457.898017785953016
675	0.000000000000000
676	438.196297004278165
677	443.153568103759483
678	479.562043795620525
679	450.000000000000000
680	450.000000000000000
681	450.000000000000000
682	450.000000000000000
683	479.562043795620525
684	443.153568103759483
685	438.196297004278108
686	409.698226440063195
687	456.306517113492987
688	450.000000000000000
689	450.000000000000000
690	450.000000000000000
691	450.000000000000000
692	450.000000000000000
693	450.000000000000000
694	276.319490015936992
695	450.000000000000000
696	450.000000000000000
697	450.000000000000000
698	865.423349496456467
699	726.319490015936935
700	726.319490015936935
701	865.423349496456467
702	900.000000000000000
703	900.000000000000000
704	900.000000000000000
705	900.000000000000000
706	900.000000000000000
707	900.000000000000000
708	900.000000000000000
709	900.000000000000000
710	900.000000000000000
711	900.000000000000000
712	906.306517113492987
713	906.306517113493101
714	0.000000000000000
715	456.306517113492987
716	457.898017785953016
717	0.000000000000000
718	0.000000000000000
719	896.094314790231010
720	847.894523444341303
721	0.000000000000000
722	881.349865108037534
723	881.349865108037648
724	922.715611899379951
725	922.715611899379951
726	929.562043795620411
727	929.562043795620411
728	900.000000000000000
729	900.000000000000000
730	450.000000000000000
731	450.000000000000000
732	456.306517113492987
733	409.698226440063195
734	450.000000000000000
735	586.851520572450795
736	586.851520572450795
737	586.851520572450795
738	557.289476776830270
739	525.369717266157750
740	521.023616576201448
741	0.000000000000000
742	359.187486194027940
743	367.163196863895564
744	367.163196863895564
745	0.000000000000000
746	543.070358755568009
747	2785.198620610926810
748	0.000000000000000
749	427.338129496402985
750	0.000000000000000
751	450.000000000000000
752	450.000000000000000
753	0.000000000000000
754	212.815884476534279
755	450.000000000000000
756	1350.000000000000000
757	0.000000000000000
758	0.000000000000000
759	485.873716961425600
760	485.873716961425600
761	0.000000000000000
762	401.444837510972491
763	487.542261184091785
764	491.888361874048087
765	523.808121384720721
766	553.370165180341132
767	553.370165180341132
768	553.370165180341132
769	553.370165180341132
770	450.000000000000000
771	450.000000000000000
772	450.000000000000000
773	1036.851520572450681
774	1003.370165180341019
775	900.000000000000000
776	900.000000000000000
777	900.000000000000000
778	900.000000000000000
779	870.437956204379589
780	870.437956204379589
781	808.956152898086430
782	808.956152898086430
783	772.690292697457608
784	772.690292697457608
785	0.000000000000000
786	922.468454087173996
787	846.729747378119782
788	0.000000000000000
789	367.163196863895564
790	359.187486194027940
791	737.482642513254177
792	737.482642513254177
793	485.873716961425600
794	367.163196863895564
795	543.070358755568009
796	0.000000000000000
797	892.128261855358460
798	0.000000000000000
799	900.000000000000000
800	0.000000000000000
801	877.338129496402871
802	212.815884476534279
803	212.815884476534279
804	427.338129496402985
805	450.000000000000000
806	450.000000000000000
807	450.000000000000000
808	450.000000000000000
809	0.000000000000000
810	485.873716961425600
811	401.444837510972491
812	0.000000000000000
813	450.000000000000000
814	450.000000000000000
815	361.664641271228220
816	424.200115816262439
817	424.200115816262439
818	138.691840226934858
819	416.971787179426656
820	416.971787179426656
821	319.854107794421566
822	319.854107794421566
823	401.827923101166107
824	401.827923101166107
825	411.942500703525582
826	411.942500703525582
827	419.971098224099364
828	459.313800588469121
829	459.313800588469121
830	119.134796336979022
831	405.037488928909625
832	405.037488928909625
833	0.000000000000000
834	404.213422597255089
835	361.664641271228220
836	0.000000000000000
837	424.200115816262439
838	361.664641271228220
839	742.568729703000940
840	742.568729703000940
841	489.224570181849344
842	488.830153179246395
843	536.106583516405635
844	598.005640815404035
845	833.943574358853311
846	833.943574358853311
847	779.167908382890573
848	836.942885403525906
849	731.796608497947091
850	731.796608497947091
851	813.770423804691745
852	721.682030895587786
853	401.827923101166107
854	401.827923101166107
855	419.971098224099364
856	411.942500703525582
857	0.000000000000000
858	405.037488928909625
859	404.213422597255089
860	0.000000000000000
861	0.000000000000000
862	404.213422597255089
863	419.530983874624667
864	530.483393934051264
865	533.117511161758102
866	533.117511161758102
867	533.117511161758102
868	533.117511161758102
869	483.687273128134848
870	483.687273128134848
871	371.030765041529094
872	371.030765041529094
873	466.120390797352684
874	466.120390797352684
875	477.853300816089643
876	477.853300816089700
877	487.166473939955154
878	532.804008682623930
879	532.804008682623930
880	608.088354502819357
881	608.088354502819357
882	608.088354502819357
883	608.088354502819357
884	605.454237275112519
885	0.000000000000000
886	468.887570212815888
887	419.530983874624667
888	0.000000000000000
889	530.483393934051264
890	419.530983874624667
891	937.149864276140534
892	937.149864276140761
893	939.783981503847599
894	939.783981503847599
895	939.783981503847599
896	939.783981503847599
897	939.783981503847599
898	939.783981503847599
899	1091.775627630954205
900	1065.921519844382374
901	967.374546256269696
902	967.374546256269696
903	903.834773724153138
904	970.853747068090115
905	848.884065857618680
906	848.884065857618680
907	943.973691613442270
908	837.151155838881778
909	466.120390797352684
910	466.120390797352684
911	487.166473939955154
912	477.853300816089700
913	0.000000000000000
914	605.454237275112519
915	468.887570212815888
916	0.000000000000000
917	0.000000000000000
918	468.887570212815888
919	88.148479427549205
920	220.189148990462087
921	220.189148990462087
922	220.189148990462087
923	0.000000000000000
924	231.358998460270982
925	292.545989301866484
926	293.998627478910691
927	293.998627478910691
928	293.998627478910691
929	293.998627478910691
930	266.739305033897949
931	266.739305033897949
932	204.612554250843232
933	204.612554250843232
934	257.051686101481266
935	257.051686101481266
936	263.522040891225913
937	263.522040891225970
938	268.657981952181217
939	293.825740082329446
940	293.825740082329446
941	335.342842556701953
942	335.342842556701953
943	335.342842556701953
944	335.342842556701953
945	333.890204379657689
946	0.000000000000000
947	258.577704161479346
948	320.253051954614989
949	320.253051954614989
950	320.253051954614989
951	121.629834819658811
952	88.148479427549205
953	121.629834819658811
954	275.236436238077602
955	341.818983810120926
956	440.378297980924174
957	440.378297980924174
958	440.378297980924174
959	440.378297980924174
960	0.000000000000000
961	478.766853151941405
962	551.612050414885971
963	0.000000000000000
964	292.545989301866484
965	231.358998460270982
966	516.810586916989337
967	516.810586916989450
968	518.263225094033601
969	518.263225094033601
970	518.263225094033601
971	518.263225094033601
972	518.263225094033601
973	518.263225094033601
974	602.082147590599789
975	587.824367561240365
976	533.478610067795898
977	533.478610067795898
978	498.438294333172678
979	535.397286986079166
980	468.134595142069202
981	204.612554250843232
982	520.573726992707179
983	461.664240352324441
984	257.051686101481266
985	257.051686101481266
986	268.657981952181217
987	263.522040891225970
988	0.000000000000000
989	333.890204379657689
990	258.577704161479346
991	0.000000000000000
992	353.537345961762355
993	447.036567921953235
994	449.256329630695006
995	449.256329630695006
996	449.256329630695006
997	449.256329630695006
998	407.601634658540661
999	407.601634658540661
1000	450.000000000000000
1001	450.000000000000000
1002	450.000000000000000
1003	450.000000000000000
1004	450.000000000000000
1005	450.000000000000000
1006	450.000000000000000
1007	450.000000000000000
1008	450.000000000000000
1009	450.000000000000000
1010	450.000000000000000
1011	450.000000000000000
1012	410.533545455018384
1013	448.992142148278674
1014	448.992142148278674
1015	512.434006603499483
1016	512.434006603499483
1017	512.434006603499483
1018	512.434006603499483
1019	393.756634992317572
1020	0.000000000000000
1021	395.129974898440366
1022	353.537345961762355
1023	0.000000000000000
1024	447.036567921953235
1025	353.537345961762355
1026	789.733031693376915
1027	393.756634992317629
1028	791.952793402118687
1029	791.952793402118687
1030	791.952793402118687
1031	791.952793402118687
1032	791.952793402118687
1033	791.952793402118687
1034	920.035641262039917
1035	898.248471778973453
1036	815.203269317081322
1037	407.601634658540661
1038	898.992142148278845
1039	818.135180113559045
1040	900.000000000000000
1041	900.000000000000000
1042	900.000000000000000
1043	900.000000000000000
1044	900.000000000000000
1045	900.000000000000000
1046	900.000000000000000
1047	900.000000000000000
1048	900.000000000000000
1049	900.000000000000000
1050	450.000000000000000
1051	450.000000000000000
1052	410.533545455018384
1053	450.000000000000000
1054	0.000000000000000
1055	393.756634992317572
1056	395.129974898440366
1057	0.000000000000000
1058	0.000000000000000
1059	395.129974898440366
1060	839.508418278544696
1061	860.895272792427022
1062	900.000000000000000
1063	900.000000000000000
1064	860.895272792427022
1065	860.895272792427022
1066	839.508418278544696
1067	0.000000000000000
1068	1721.790545584854044
1069	1700.403691070971718
1070	1760.895272792427022
1071	1760.895272792427022
1072	900.000000000000000
1073	900.000000000000000
1074	0.000000000000000
1075	860.895272792427022
1076	477.354263970617865
1077	343.107460336244458
1078	520.370822151744392
1079	450.000000000000000
1080	450.000000000000000
1081	520.370822151744392
1082	343.107460336244458
1083	477.354263970617808
1084	477.354263970617865
1085	0.000000000000000
1086	820.461724306862266
1087	820.461724306862379
1088	863.478282487988849
1089	863.478282487988849
1090	970.370822151744505
1091	970.370822151744505
1092	450.000000000000000
1093	450.000000000000000
1094	0.000000000000000
1095	477.354263970617808
1096	425.993362150994471
1097	306.190834857028335
1098	464.381556477189633
1099	450.000000000000000
1100	450.000000000000000
1101	464.381556477189633
1102	306.190834857028335
1103	425.993362150994358
1104	425.993362150994471
1105	0.000000000000000
1106	732.184197008022693
1107	732.184197008022693
1108	770.572391334217969
1109	770.572391334217969
1110	914.381556477189633
1111	914.381556477189633
1112	450.000000000000000
1113	450.000000000000000
1114	0.000000000000000
1115	425.993362150994358
1116	900.000000000000000
1117	869.173111953892430
1118	869.173111953892430
1119	0.000000000000000
1120	755.045927145833048
1121	865.168539325842630
1122	865.168539325842630
1123	868.952083877262112
1124	838.545184870451976
1125	865.168539325842630
1126	865.168539325842630
1127	663.592379800423259
1128	856.572813232543922
1129	865.168539325842630
1130	865.168539325842630
1131	755.045927145832934
1132	847.580614608145993
1133	869.173111953892430
1134	900.000000000000000
1135	900.000000000000000
1136	900.000000000000000
1137	1769.173111953892658
1138	1769.173111953892658
1139	1738.346223907784861
1140	1716.753726562038764
1141	0.000000000000000
1142	1624.219039099725705
1143	1602.626541753979609
1144	0.000000000000000
1145	1620.214466471675678
1146	1620.214466471675678
1147	1730.337078651685260
1148	1730.337078651685260
1149	1734.120623203104969
1150	1721.741352558386552
1151	1695.117998102995898
1152	1532.544463677685826
1153	1528.760919126265890
1154	1703.713724196294606
1155	865.168539325842630
1156	865.168539325842630
1157	934.831460674157142
1158	717.024493498639231
1159	925.543611181138431
1160	934.831460674157142
1161	934.831460674157142
1162	815.841832967965047
1163	0.000000000000000
1164	915.827365394776052
1165	939.158479409920346
1166	900.000000000000000
1167	900.000000000000000
1168	939.158479409920346
1169	939.158479409920346
1170	815.841832967965047
1171	934.831460674157142
1172	934.831460674157142
1173	938.919654267379428
1174	906.064407548332838
1175	934.831460674157142
1176	934.831460674157142
1177	934.831460674157142
1178	1651.855954172796373
1179	1840.895868222489980
1180	1831.608018729471041
1181	1655.944147766018887
1182	1873.751114941536343
1183	1860.375071855295573
1184	1869.662921348314285
1185	1869.662921348314285
1186	1750.673293642122189
1187	1750.673293642122189
1188	0.000000000000000
1189	1755.000312377885621
1190	1731.669198362741099
1191	0.000000000000000
1192	1878.316958819840693
1193	1854.985844804696399
1194	1839.158479409920346
1195	1839.158479409920346
1196	900.000000000000000
1197	900.000000000000000
1198	747.855013553968092
1199	537.535021193449666
1200	815.247621371066089
1201	900.000000000000000
1202	900.000000000000000
1203	815.247621371066089
1204	537.535021193449666
1205	747.855013553967865
1206	747.855013553968092
1207	0.000000000000000
1208	1285.390034747417758
1209	1285.390034747417758
1210	1352.782642564515754
1211	1352.782642564515754
1212	1715.247621371066089
1213	1715.247621371066089
1214	900.000000000000000
1215	900.000000000000000
1216	0.000000000000000
1217	747.855013553967865
1218	1434.859618893650122
1219	647.230981899866151
1220	297.019404068947097
1221	401.711636797369181
1222	4275.000000000000000
1223	0.000000000000000
1224	0.000000000000000
1225	8856.804233324835877
1226	0.000000000000000
1227	420.284821005939705
1228	0.000000000000000
1229	0.000000000000000
1230	900.000000000000000
1231	450.000000000000000
1232	900.000000000000000
1233	450.000000000000000
1234	0.000000000000000
1235	0.000000000000000
1236	0.000000000000000
1237	0.000000000000000
1238	0.000000000000000
1239	0.000000000000000
