ID	Type	Line	Tail	Head	Time
0	0	0	121	122	2
1	0	0	122	123	1
2	0	0	123	124	1
3	0	0	124	125	1
4	0	0	125	126	1
5	0	0	126	127	1
6	0	0	127	128	1
7	0	0	128	129	1
8	0	0	129	130	1
9	0	0	130	131	3
10	0	0	131	132	3
11	0	0	132	133	2
12	0	0	133	134	3
13	0	0	134	135	1
14	0	0	135	136	2
15	0	0	136	137	2
16	0	0	137	138	1
17	0	0	138	139	1
18	0	0	139	140	2
19	0	0	140	141	2
20	0	0	141	142	1
21	0	0	142	143	19
22	0	0	143	144	2
23	0	0	144	145	1
24	0	0	145	146	1
25	0	0	146	147	1
26	0	0	147	148	3
27	0	0	148	149	1
28	0	0	149	150	2
29	0	0	150	135	2
30	0	0	135	134	1
31	0	0	134	151	2
32	0	0	151	152	1
33	0	0	152	131	3
34	0	0	132	153	1
35	0	0	153	154	3
36	0	0	154	155	2
37	0	0	155	156	3
38	0	0	156	157	1
39	0	0	157	158	1
40	0	0	158	159	1
41	0	0	159	160	1
42	0	0	160	161	1
43	0	0	161	162	1
44	0	0	162	163	2
45	0	0	163	156	2
46	0	0	156	155	2
47	0	0	155	154	1
48	0	0	154	153	2
49	0	0	153	131	2
50	0	0	137	164	1
51	0	0	164	165	2
52	0	0	165	166	1
53	0	0	166	167	3
54	0	0	167	168	1
55	0	0	168	169	2
56	0	0	169	170	1
57	0	0	170	171	1
58	0	0	171	172	3
59	0	0	172	121	2
60	1	0	70	121	0
61	2	0	121	70	0
62	1	0	2	122	0
63	2	0	122	2	0
64	1	0	75	123	0
65	2	0	123	75	0
66	1	0	33	124	0
67	2	0	124	33	0
68	1	0	27	125	0
69	2	0	125	27	0
70	1	0	81	126	0
71	2	0	126	81	0
72	1	0	66	127	0
73	2	0	127	66	0
74	1	0	60	128	0
75	2	0	128	60	0
76	1	0	17	129	0
77	2	0	129	17	0
78	1	0	28	130	0
79	2	0	130	28	0
80	1	0	72	131	0
81	2	0	131	72	0
82	1	0	73	132	0
83	2	0	132	73	0
84	1	0	74	133	0
85	2	0	133	74	0
86	1	0	10	134	0
87	2	0	134	10	0
88	1	0	44	135	0
89	2	0	135	44	0
90	1	0	48	136	0
91	2	0	136	48	0
92	1	0	71	137	0
93	2	0	137	71	0
94	1	0	50	138	0
95	2	0	138	50	0
96	1	0	53	139	0
97	2	0	139	53	0
98	1	0	12	140	0
99	2	0	140	12	0
100	1	0	51	141	0
101	2	0	141	51	0
102	1	0	47	142	0
103	2	0	142	47	0
104	1	0	76	143	0
105	2	0	143	76	0
106	1	0	100	144	0
107	2	0	144	100	0
108	1	0	77	145	0
109	2	0	145	77	0
110	1	0	78	146	0
111	2	0	146	78	0
112	1	0	42	147	0
113	2	0	147	42	0
114	1	0	96	148	0
115	2	0	148	96	0
116	1	0	59	149	0
117	2	0	149	59	0
118	1	0	35	150	0
119	2	0	150	35	0
120	1	0	65	151	0
121	2	0	151	65	0
122	1	0	56	152	0
123	2	0	152	56	0
124	1	0	46	153	0
125	2	0	153	46	0
126	1	0	69	154	0
127	2	0	154	69	0
128	1	0	30	155	0
129	2	0	155	30	0
130	1	0	21	156	0
131	2	0	156	21	0
132	1	0	3	157	0
133	2	0	157	3	0
134	1	0	83	158	0
135	2	0	158	83	0
136	1	0	98	159	0
137	2	0	159	98	0
138	1	0	90	160	0
139	2	0	160	90	0
140	1	0	11	161	0
141	2	0	161	11	0
142	1	0	25	162	0
143	2	0	162	25	0
144	1	0	89	163	0
145	2	0	163	89	0
146	1	0	52	164	0
147	2	0	164	52	0
148	1	0	68	165	0
149	2	0	165	68	0
150	1	0	88	166	0
151	2	0	166	88	0
152	1	0	18	167	0
153	2	0	167	18	0
154	1	0	40	168	0
155	2	0	168	40	0
156	1	0	8	169	0
157	2	0	169	8	0
158	1	0	22	170	0
159	2	0	170	22	0
160	1	0	6	171	0
161	2	0	171	6	0
162	1	0	80	172	0
163	2	0	172	80	0
164	0	1	173	174	1
165	0	1	174	175	1
166	0	1	175	176	2
167	0	1	176	177	1
168	0	1	177	178	1
169	0	1	178	179	2
170	0	1	179	180	3
171	0	1	180	181	1
172	0	1	181	182	2
173	0	1	182	183	1
174	0	1	183	184	2
175	0	1	184	185	2
176	0	1	185	186	1
177	0	1	186	187	2
178	0	1	187	188	1
179	0	1	188	189	3
180	0	1	189	190	2
181	0	1	190	191	1
182	0	1	191	192	3
183	0	1	192	193	2
184	0	1	193	194	3
185	0	1	194	195	1
186	0	1	195	196	1
187	0	1	196	197	1
188	0	1	197	198	1
189	0	1	198	199	2
190	0	1	199	200	1
191	0	1	200	201	1
192	0	1	201	194	2
193	0	1	194	193	2
194	0	1	193	192	1
195	0	1	192	191	3
196	0	1	191	189	2
197	0	1	190	202	2
198	0	1	202	186	3
199	0	1	186	185	1
200	0	1	185	203	1
201	0	1	203	204	1
202	0	1	204	205	1
203	0	1	205	206	1
204	0	1	206	207	3
205	0	1	207	208	1
206	0	1	208	209	2
207	0	1	209	210	1
208	0	1	210	211	1
209	0	1	211	212	20
210	0	1	212	213	1
211	0	1	213	214	1
212	0	1	214	215	1
213	0	1	215	216	2
214	0	1	216	217	1
215	0	1	217	183	1
216	0	1	190	218	3
217	0	1	218	219	1
218	0	1	219	220	1
219	0	1	220	221	1
220	0	1	221	222	2
221	0	1	222	223	0
222	0	1	223	224	1
223	0	1	224	225	2
224	0	1	225	226	1
225	0	1	226	173	3
226	1	1	70	173	0
227	2	1	173	70	0
228	1	1	80	174	0
229	2	1	174	80	0
230	1	1	6	175	0
231	2	1	175	6	0
232	1	1	87	176	0
233	2	1	176	87	0
234	1	1	8	177	0
235	2	1	177	8	0
236	1	1	40	178	0
237	2	1	178	40	0
238	1	1	84	179	0
239	2	1	179	84	0
240	1	1	88	180	0
241	2	1	180	88	0
242	1	1	68	181	0
243	2	1	181	68	0
244	1	1	52	182	0
245	2	1	182	52	0
246	1	1	71	183	0
247	2	1	183	71	0
248	1	1	48	184	0
249	2	1	184	48	0
250	1	1	44	185	0
251	2	1	185	44	0
252	1	1	10	186	0
253	2	1	186	10	0
254	1	1	65	187	0
255	2	1	187	65	0
256	1	1	56	188	0
257	2	1	188	56	0
258	1	1	72	189	0
259	2	1	189	72	0
260	1	1	73	190	0
261	2	1	190	73	0
262	1	1	46	191	0
263	2	1	191	46	0
264	1	1	69	192	0
265	2	1	192	69	0
266	1	1	30	193	0
267	2	1	193	30	0
268	1	1	21	194	0
269	2	1	194	21	0
270	1	1	89	195	0
271	2	1	195	89	0
272	1	1	25	196	0
273	2	1	196	25	0
274	1	1	11	197	0
275	2	1	197	11	0
276	1	1	90	198	0
277	2	1	198	90	0
278	1	1	98	199	0
279	2	1	199	98	0
280	1	1	83	200	0
281	2	1	200	83	0
282	1	1	3	201	0
283	2	1	201	3	0
284	1	1	74	202	0
285	2	1	202	74	0
286	1	1	35	203	0
287	2	1	203	35	0
288	1	1	36	204	0
289	2	1	204	36	0
290	1	1	59	205	0
291	2	1	205	59	0
292	1	1	96	206	0
293	2	1	206	96	0
294	1	1	42	207	0
295	2	1	207	42	0
296	1	1	78	208	0
297	2	1	208	78	0
298	1	1	77	209	0
299	2	1	209	77	0
300	1	1	100	210	0
301	2	1	210	100	0
302	1	1	76	211	0
303	2	1	211	76	0
304	1	1	47	212	0
305	2	1	212	47	0
306	1	1	51	213	0
307	2	1	213	51	0
308	1	1	92	214	0
309	2	1	214	92	0
310	1	1	12	215	0
311	2	1	215	12	0
312	1	1	53	216	0
313	2	1	216	53	0
314	1	1	50	217	0
315	2	1	217	50	0
316	1	1	28	218	0
317	2	1	218	28	0
318	1	1	17	219	0
319	2	1	219	17	0
320	1	1	60	220	0
321	2	1	220	60	0
322	1	1	66	221	0
323	2	1	221	66	0
324	1	1	81	222	0
325	2	1	222	81	0
326	1	1	27	223	0
327	2	1	223	27	0
328	1	1	33	224	0
329	2	1	224	33	0
330	1	1	75	225	0
331	2	1	225	75	0
332	1	1	2	226	0
333	2	1	226	2	0
334	0	2	227	228	2
335	0	2	228	229	1
336	0	2	229	230	1
337	0	2	230	231	2
338	0	2	231	232	0
339	0	2	232	233	1
340	0	2	233	234	1
341	0	2	234	235	1
342	0	2	235	236	1
343	0	2	236	237	2
344	0	2	237	238	2
345	0	2	238	239	1
346	0	2	239	240	1
347	0	2	240	241	1
348	0	2	241	242	1
349	0	2	242	243	2
350	0	2	243	244	2
351	0	2	244	245	2
352	0	2	245	246	3
353	0	2	246	247	1
354	0	2	247	248	2
355	0	2	248	249	2
356	0	2	249	250	1
357	0	2	250	251	1
358	0	2	251	252	2
359	0	2	252	253	2
360	0	2	253	254	1
361	0	2	254	255	18
362	0	2	255	254	16
363	0	2	254	253	1
364	0	2	253	256	1
365	0	2	256	252	1
366	0	2	252	251	2
367	0	2	251	250	1
368	0	2	250	249	1
369	0	2	249	248	2
370	0	2	248	247	2
371	0	2	247	246	1
372	0	2	246	257	2
373	0	2	257	258	1
374	0	2	258	243	3
375	0	2	244	242	3
376	0	2	242	241	1
377	0	2	241	240	0
378	0	2	240	239	1
379	0	2	239	238	2
380	0	2	238	237	1
381	0	2	237	236	1
382	0	2	236	235	2
383	0	2	235	234	0
384	0	2	234	233	1
385	0	2	233	232	1
386	0	2	232	231	1
387	0	2	231	230	1
388	0	2	230	229	1
389	0	2	229	228	2
390	0	2	228	227	3
391	1	2	70	227	0
392	2	2	227	70	0
393	1	2	95	228	0
394	2	2	228	95	0
395	1	2	13	229	0
396	2	2	229	13	0
397	1	2	32	230	0
398	2	2	230	32	0
399	1	2	31	231	0
400	2	2	231	31	0
401	1	2	85	232	0
402	2	2	232	85	0
403	1	2	33	233	0
404	2	2	233	33	0
405	1	2	27	234	0
406	2	2	234	27	0
407	1	2	81	235	0
408	2	2	235	81	0
409	1	2	66	236	0
410	2	2	236	66	0
411	1	2	60	237	0
412	2	2	237	60	0
413	1	2	23	238	0
414	2	2	238	23	0
415	1	2	16	239	0
416	2	2	239	16	0
417	1	2	38	240	0
418	2	2	240	38	0
419	1	2	54	241	0
420	2	2	241	54	0
421	1	2	28	242	0
422	2	2	242	28	0
423	1	2	72	243	0
424	2	2	243	72	0
425	1	2	73	244	0
426	2	2	244	73	0
427	1	2	74	245	0
428	2	2	245	74	0
429	1	2	10	246	0
430	2	2	246	10	0
431	1	2	44	247	0
432	2	2	247	44	0
433	1	2	48	248	0
434	2	2	248	48	0
435	1	2	71	249	0
436	2	2	249	71	0
437	1	2	50	250	0
438	2	2	250	50	0
439	1	2	53	251	0
440	2	2	251	53	0
441	1	2	12	252	0
442	2	2	252	12	0
443	1	2	51	253	0
444	2	2	253	51	0
445	1	2	47	254	0
446	2	2	254	47	0
447	1	2	120	255	0
448	2	2	255	120	0
449	1	2	92	256	0
450	2	2	256	92	0
451	1	2	65	257	0
452	2	2	257	65	0
453	1	2	56	258	0
454	2	2	258	56	0
455	0	3	259	260	2
456	0	3	260	261	1
457	0	3	261	262	3
458	0	3	262	263	1
459	0	3	263	264	1
460	0	3	264	265	1
461	0	3	265	266	2
462	0	3	266	267	1
463	0	3	267	268	2
464	0	3	268	269	1
465	0	3	269	270	3
466	0	3	270	271	1
467	0	3	271	272	2
468	0	3	272	273	0
469	0	3	273	274	2
470	0	3	274	269	3
471	0	3	269	268	1
472	0	3	268	267	2
473	0	3	267	265	1
474	0	3	265	264	1
475	0	3	264	263	1
476	0	3	263	262	1
477	0	3	262	261	2
478	0	3	261	260	3
479	0	3	260	259	2
480	1	3	70	259	0
481	2	3	259	70	0
482	1	3	80	260	0
483	2	3	260	80	0
484	1	3	6	261	0
485	2	3	261	6	0
486	1	3	88	262	0
487	2	3	262	88	0
488	1	3	68	263	0
489	2	3	263	68	0
490	1	3	26	264	0
491	2	3	264	26	0
492	1	3	34	265	0
493	2	3	265	34	0
494	1	3	41	266	0
495	2	3	266	41	0
496	1	3	48	267	0
497	2	3	267	48	0
498	1	3	44	268	0
499	2	3	268	44	0
500	1	3	10	269	0
501	2	3	269	10	0
502	1	3	65	270	0
503	2	3	270	65	0
504	1	3	56	271	0
505	2	3	271	56	0
506	1	3	72	272	0
507	2	3	272	72	0
508	1	3	73	273	0
509	2	3	273	73	0
510	1	3	74	274	0
511	2	3	274	74	0
512	0	4	275	276	1
513	0	4	276	277	1
514	0	4	277	278	2
515	0	4	278	279	30
516	0	4	279	278	28
517	0	4	278	277	2
518	0	4	277	276	2
519	0	4	276	280	1
520	1	4	73	275	0
521	2	4	275	73	0
522	1	4	46	276	0
523	2	4	276	46	0
524	1	4	64	277	0
525	2	4	277	64	0
526	1	4	49	278	0
527	2	4	278	49	0
528	1	4	101	279	0
529	2	4	279	101	0
530	1	4	72	280	0
531	2	4	280	72	0
532	0	5	281	282	1
533	0	5	282	283	1
534	0	5	283	284	2
535	0	5	284	285	29
536	0	5	285	284	27
537	0	5	284	283	2
538	0	5	283	282	2
539	0	5	282	286	1
540	1	5	73	281	0
541	2	5	281	73	0
542	1	5	46	282	0
543	2	5	282	46	0
544	1	5	64	283	0
545	2	5	283	64	0
546	1	5	49	284	0
547	2	5	284	49	0
548	1	5	101	285	0
549	2	5	285	101	0
550	1	5	72	286	0
551	2	5	286	72	0
552	0	6	287	288	3
553	0	6	288	289	1
554	0	6	289	290	61
555	0	6	290	289	41
556	0	6	289	288	1
557	0	6	288	291	3
558	1	6	73	287	0
559	2	6	287	73	0
560	1	6	86	288	0
561	2	6	288	86	0
562	1	6	5	289	0
563	2	6	289	5	0
564	1	6	102	290	0
565	2	6	290	102	0
566	1	6	72	291	0
567	2	6	291	72	0
568	0	7	292	293	3
569	0	7	293	294	1
570	0	7	294	295	23
571	0	7	295	294	25
572	0	7	294	293	1
573	0	7	293	296	3
574	1	7	73	292	0
575	2	7	292	73	0
576	1	7	86	293	0
577	2	7	293	86	0
578	1	7	5	294	0
579	2	7	294	5	0
580	1	7	103	295	0
581	2	7	295	103	0
582	1	7	72	296	0
583	2	7	296	72	0
584	0	8	297	298	4
585	0	8	298	299	2
586	0	8	299	300	2
587	0	8	300	301	30
588	0	8	301	300	27
589	0	8	300	299	2
590	0	8	299	298	2
591	0	8	298	302	6
592	1	8	73	297	0
593	2	8	297	73	0
594	1	8	57	298	0
595	2	8	298	57	0
596	1	8	82	299	0
597	2	8	299	82	0
598	1	8	55	300	0
599	2	8	300	55	0
600	1	8	104	301	0
601	2	8	301	104	0
602	1	8	72	302	0
603	2	8	302	72	0
604	0	9	303	304	4
605	0	9	304	305	2
606	0	9	305	306	1
607	0	9	306	307	36
608	0	9	307	306	33
609	0	9	306	305	2
610	0	9	305	304	2
611	0	9	304	308	6
612	1	9	73	303	0
613	2	9	303	73	0
614	1	9	57	304	0
615	2	9	304	57	0
616	1	9	82	305	0
617	2	9	305	82	0
618	1	9	55	306	0
619	2	9	306	55	0
620	1	9	104	307	0
621	2	9	307	104	0
622	1	9	72	308	0
623	2	9	308	72	0
624	0	10	309	310	5
625	0	10	310	311	2
626	0	10	311	312	1
627	0	10	312	313	19
628	0	10	313	312	19
629	0	10	312	311	1
630	0	10	311	310	2
631	0	10	310	314	6
632	1	10	73	309	0
633	2	10	309	73	0
634	1	10	57	310	0
635	2	10	310	57	0
636	1	10	82	311	0
637	2	10	311	82	0
638	1	10	55	312	0
639	2	10	312	55	0
640	1	10	105	313	0
641	2	10	313	105	0
642	1	10	72	314	0
643	2	10	314	72	0
644	0	11	315	316	1
645	0	11	316	317	1
646	0	11	317	318	1
647	0	11	318	319	39
648	0	11	319	318	38
649	0	11	318	317	4
650	0	11	317	316	3
651	0	11	316	320	1
652	1	11	73	315	0
653	2	11	315	73	0
654	1	11	46	316	0
655	2	11	316	46	0
656	1	11	64	317	0
657	2	11	317	64	0
658	1	11	49	318	0
659	2	11	318	49	0
660	1	11	106	319	0
661	2	11	319	106	0
662	1	11	72	320	0
663	2	11	320	72	0
664	0	12	321	322	16
665	0	12	322	323	2
666	0	12	323	324	1
667	0	12	324	325	1
668	0	12	325	326	1
669	0	12	326	327	1
670	0	12	327	328	2
671	0	12	328	329	1
672	0	12	329	330	1
673	0	12	330	331	1
674	0	12	331	332	2
675	0	12	332	333	4
676	0	12	333	334	1
677	0	12	334	335	2
678	0	12	335	336	1
679	0	12	336	337	1
680	0	12	337	338	25
681	0	12	338	337	21
682	0	12	337	336	2
683	0	12	336	335	3
684	0	12	335	334	2
685	0	12	334	332	1
686	0	12	333	339	1
687	0	12	339	329	2
688	0	12	329	328	2
689	0	12	328	327	1
690	0	12	327	326	2
691	0	12	326	325	1
692	0	12	325	324	1
693	0	12	324	323	1
694	0	12	323	322	1
695	0	12	322	321	19
696	1	12	107	321	0
697	2	12	321	107	0
698	1	12	80	322	0
699	2	12	322	80	0
700	1	12	6	323	0
701	2	12	323	6	0
702	1	12	79	324	0
703	2	12	324	79	0
704	1	12	15	325	0
705	2	12	325	15	0
706	1	12	9	326	0
707	2	12	326	9	0
708	1	12	14	327	0
709	2	12	327	14	0
710	1	12	19	328	0
711	2	12	328	19	0
712	1	12	58	329	0
713	2	12	329	58	0
714	1	12	65	330	0
715	2	12	330	65	0
716	1	12	56	331	0
717	2	12	331	56	0
718	1	12	72	332	0
719	2	12	332	72	0
720	1	12	73	333	0
721	2	12	333	73	0
722	1	12	46	334	0
723	2	12	334	46	0
724	1	12	64	335	0
725	2	12	335	64	0
726	1	12	1	336	0
727	2	12	336	1	0
728	1	12	99	337	0
729	2	12	337	99	0
730	1	12	108	338	0
731	2	12	338	108	0
732	1	12	74	339	0
733	2	12	339	74	0
734	0	13	340	341	20
735	0	13	341	342	1
736	0	13	342	343	2
737	0	13	343	344	3
738	0	13	344	345	1
739	0	13	345	346	2
740	0	13	346	347	1
741	0	13	347	348	2
742	0	13	348	349	2
743	0	13	349	350	3
744	0	13	350	351	1
745	0	13	351	352	1
746	0	13	352	353	2
747	0	13	353	354	0
748	0	13	354	355	2
749	0	13	355	356	1
750	0	13	356	357	1
751	0	13	357	358	29
752	0	13	358	357	27
753	0	13	357	356	1
754	0	13	356	355	1
755	0	13	355	354	2
756	0	13	354	353	0
757	0	13	353	352	2
758	0	13	352	351	1
759	0	13	351	350	1
760	0	13	350	359	2
761	0	13	359	360	1
762	0	13	360	347	3
763	0	13	348	346	1
764	0	13	346	345	1
765	0	13	345	344	2
766	0	13	344	361	2
767	0	13	361	343	1
768	0	13	343	342	1
769	0	13	342	341	1
770	0	13	341	340	20
771	1	13	109	340	0
772	2	13	340	109	0
773	1	13	91	341	0
774	2	13	341	91	0
775	1	13	29	342	0
776	2	13	342	29	0
777	1	13	7	343	0
778	2	13	343	7	0
779	1	13	1	344	0
780	2	13	344	1	0
781	1	13	64	345	0
782	2	13	345	64	0
783	1	13	46	346	0
784	2	13	346	46	0
785	1	13	72	347	0
786	2	13	347	72	0
787	1	13	73	348	0
788	2	13	348	73	0
789	1	13	74	349	0
790	2	13	349	74	0
791	1	13	10	350	0
792	2	13	350	10	0
793	1	13	44	351	0
794	2	13	351	44	0
795	1	13	35	352	0
796	2	13	352	35	0
797	1	13	62	353	0
798	2	13	353	62	0
799	1	13	37	354	0
800	2	13	354	37	0
801	1	13	42	355	0
802	2	13	355	42	0
803	1	13	78	356	0
804	2	13	356	78	0
805	1	13	77	357	0
806	2	13	357	77	0
807	1	13	110	358	0
808	2	13	358	110	0
809	1	13	65	359	0
810	2	13	359	65	0
811	1	13	56	360	0
812	2	13	360	56	0
813	1	13	0	361	0
814	2	13	361	0	0
815	0	14	362	363	2
816	0	14	363	364	3
817	0	14	364	365	2
818	0	14	365	366	2
819	0	14	366	367	1
820	0	14	367	368	2
821	0	14	368	369	2
822	0	14	369	370	1
823	0	14	370	371	43
824	0	14	371	370	41
825	0	14	370	369	1
826	0	14	369	372	1
827	0	14	372	368	1
828	0	14	368	367	2
829	0	14	367	366	1
830	0	14	366	365	2
831	0	14	365	364	1
832	0	14	364	373	4
833	0	14	373	374	1
834	0	14	374	375	3
835	1	14	73	362	0
836	2	14	362	73	0
837	1	14	74	363	0
838	2	14	363	74	0
839	1	14	10	364	0
840	2	14	364	10	0
841	1	14	44	365	0
842	2	14	365	44	0
843	1	14	45	366	0
844	2	14	366	45	0
845	1	14	63	367	0
846	2	14	367	63	0
847	1	14	12	368	0
848	2	14	368	12	0
849	1	14	51	369	0
850	2	14	369	51	0
851	1	14	47	370	0
852	2	14	370	47	0
853	1	14	111	371	0
854	2	14	371	111	0
855	1	14	92	372	0
856	2	14	372	92	0
857	1	14	65	373	0
858	2	14	373	65	0
859	1	14	56	374	0
860	2	14	374	56	0
861	1	14	72	375	0
862	2	14	375	72	0
863	0	15	376	377	1
864	0	15	377	378	1
865	0	15	378	379	1
866	0	15	379	380	2
867	0	15	380	381	2
868	0	15	381	382	2
869	0	15	382	383	1
870	0	15	383	384	2
871	0	15	384	385	2
872	0	15	385	386	1
873	0	15	386	387	48
874	0	15	387	386	45
875	0	15	386	385	1
876	0	15	385	388	1
877	0	15	388	384	1
878	0	15	384	383	1
879	0	15	383	382	1
880	0	15	382	381	2
881	0	15	381	380	2
882	0	15	380	379	1
883	0	15	379	378	1
884	0	15	378	389	1
885	0	15	389	390	1
886	0	15	390	391	4
887	1	15	73	376	0
888	2	15	376	73	0
889	1	15	74	377	0
890	2	15	377	74	0
891	1	15	58	378	0
892	2	15	378	58	0
893	1	15	61	379	0
894	2	15	379	61	0
895	1	15	93	380	0
896	2	15	380	93	0
897	1	15	39	381	0
898	2	15	381	39	0
899	1	15	45	382	0
900	2	15	382	45	0
901	1	15	63	383	0
902	2	15	383	63	0
903	1	15	12	384	0
904	2	15	384	12	0
905	1	15	51	385	0
906	2	15	385	51	0
907	1	15	47	386	0
908	2	15	386	47	0
909	1	15	111	387	0
910	2	15	387	111	0
911	1	15	92	388	0
912	2	15	388	92	0
913	1	15	65	389	0
914	2	15	389	65	0
915	1	15	56	390	0
916	2	15	390	56	0
917	1	15	72	391	0
918	2	15	391	72	0
919	0	16	392	393	1
920	0	16	393	394	1
921	0	16	394	395	2
922	0	16	395	396	6
923	0	16	396	397	2
924	0	16	397	398	1
925	0	16	398	399	1
926	0	16	399	400	1
927	0	16	400	401	2
928	0	16	401	402	2
929	0	16	402	403	1
930	0	16	403	404	1
931	0	16	404	405	1
932	0	16	405	406	2
933	0	16	406	407	2
934	0	16	407	408	43
935	0	16	408	407	41
936	0	16	407	406	0
937	0	16	406	409	1
938	0	16	409	405	1
939	0	16	405	404	1
940	0	16	404	403	1
941	0	16	403	402	2
942	0	16	402	401	2
943	0	16	401	400	1
944	0	16	400	399	1
945	0	16	399	410	1
946	0	16	410	411	1
947	0	16	411	396	2
948	0	16	397	395	5
949	0	16	395	394	3
950	0	16	394	393	1
951	0	16	393	392	1
952	1	16	91	392	0
953	2	16	392	91	0
954	1	16	55	393	0
955	2	16	393	55	0
956	1	16	82	394	0
957	2	16	394	82	0
958	1	16	57	395	0
959	2	16	395	57	0
960	1	16	72	396	0
961	2	16	396	72	0
962	1	16	73	397	0
963	2	16	397	73	0
964	1	16	74	398	0
965	2	16	398	74	0
966	1	16	58	399	0
967	2	16	399	58	0
968	1	16	61	400	0
969	2	16	400	61	0
970	1	16	93	401	0
971	2	16	401	93	0
972	1	16	39	402	0
973	2	16	402	39	0
974	1	16	45	403	0
975	2	16	403	45	0
976	1	16	63	404	0
977	2	16	404	63	0
978	1	16	12	405	0
979	2	16	405	12	0
980	1	16	51	406	0
981	2	16	406	51	0
982	1	16	47	407	0
983	2	16	407	47	0
984	1	16	111	408	0
985	2	16	408	111	0
986	1	16	92	409	0
987	2	16	409	92	0
988	1	16	65	410	0
989	2	16	410	65	0
990	1	16	56	411	0
991	2	16	411	56	0
992	0	17	412	413	1
993	0	17	413	414	2
994	0	17	414	415	1
995	0	17	415	416	1
996	0	17	416	417	1
997	0	17	417	418	2
998	0	17	418	419	0
999	0	17	419	420	2
1000	0	17	420	421	2
1001	0	17	421	422	1
1002	0	17	422	423	1
1003	0	17	423	424	2
1004	0	17	424	425	1
1005	0	17	425	426	23
1006	0	17	426	425	28
1007	0	17	425	424	1
1008	0	17	424	423	2
1009	0	17	423	422	1
1010	0	17	422	421	2
1011	0	17	421	427	2
1012	0	17	427	420	1
1013	0	17	420	419	1
1014	0	17	419	418	1
1015	0	17	418	417	2
1016	0	17	417	416	1
1017	0	17	416	415	1
1018	0	17	415	414	0
1019	0	17	414	428	1
1020	0	17	428	429	1
1021	0	17	429	430	4
1022	1	17	73	412	0
1023	2	17	412	73	0
1024	1	17	74	413	0
1025	2	17	413	74	0
1026	1	17	58	414	0
1027	2	17	414	58	0
1028	1	17	61	415	0
1029	2	17	415	61	0
1030	1	17	93	416	0
1031	2	17	416	93	0
1032	1	17	39	417	0
1033	2	17	417	39	0
1034	1	17	45	418	0
1035	2	17	418	45	0
1036	1	17	63	419	0
1037	2	17	419	63	0
1038	1	17	12	420	0
1039	2	17	420	12	0
1040	1	17	97	421	0
1041	2	17	421	97	0
1042	1	17	4	422	0
1043	2	17	422	4	0
1044	1	17	67	423	0
1045	2	17	423	67	0
1046	1	17	20	424	0
1047	2	17	424	20	0
1048	1	17	94	425	0
1049	2	17	425	94	0
1050	1	17	112	426	0
1051	2	17	426	112	0
1052	1	17	92	427	0
1053	2	17	427	92	0
1054	1	17	65	428	0
1055	2	17	428	65	0
1056	1	17	56	429	0
1057	2	17	429	56	0
1058	1	17	72	430	0
1059	2	17	430	72	0
1060	0	18	431	432	3
1061	0	18	432	433	1
1062	0	18	433	434	70
1063	0	18	434	433	72
1064	0	18	433	432	1
1065	0	18	432	435	3
1066	1	18	73	431	0
1067	2	18	431	73	0
1068	1	18	86	432	0
1069	2	18	432	86	0
1070	1	18	5	433	0
1071	2	18	433	5	0
1072	1	18	113	434	0
1073	2	18	434	113	0
1074	1	18	72	435	0
1075	2	18	435	72	0
1076	0	19	436	437	1
1077	0	19	437	438	3
1078	0	19	438	439	2
1079	0	19	439	440	40
1080	0	19	440	439	39
1081	0	19	439	438	2
1082	0	19	438	437	6
1083	0	19	437	441	1
1084	1	19	73	436	0
1085	2	19	436	73	0
1086	1	19	46	437	0
1087	2	19	437	46	0
1088	1	19	30	438	0
1089	2	19	438	30	0
1090	1	19	43	439	0
1091	2	19	439	43	0
1092	1	19	114	440	0
1093	2	19	440	114	0
1094	1	19	72	441	0
1095	2	19	441	72	0
1096	0	20	442	443	1
1097	0	20	443	444	3
1098	0	20	444	445	2
1099	0	20	445	446	33
1100	0	20	446	445	33
1101	0	20	445	444	2
1102	0	20	444	443	4
1103	0	20	443	447	1
1104	1	20	73	442	0
1105	2	20	442	73	0
1106	1	20	46	443	0
1107	2	20	443	46	0
1108	1	20	30	444	0
1109	2	20	444	30	0
1110	1	20	43	445	0
1111	2	20	445	43	0
1112	1	20	115	446	0
1113	2	20	446	115	0
1114	1	20	72	447	0
1115	2	20	447	72	0
1116	0	21	448	449	17
1117	0	21	449	450	1
1118	0	21	450	451	4
1119	0	21	451	452	2
1120	0	21	452	453	1
1121	0	21	453	454	3
1122	0	21	454	455	2
1123	0	21	455	456	3
1124	0	21	456	457	3
1125	0	21	457	458	17
1126	0	21	458	457	17
1127	0	21	457	456	3
1128	0	21	456	455	2
1129	0	21	455	454	2
1130	0	21	454	453	2
1131	0	21	453	451	2
1132	0	21	452	450	3
1133	0	21	450	449	1
1134	0	21	449	448	17
1135	1	21	116	448	0
1136	2	21	448	116	0
1137	1	21	5	449	0
1138	2	21	449	5	0
1139	1	21	86	450	0
1140	2	21	450	86	0
1141	1	21	72	451	0
1142	2	21	451	72	0
1143	1	21	73	452	0
1144	2	21	452	73	0
1145	1	21	46	453	0
1146	2	21	453	46	0
1147	1	21	24	454	0
1148	2	21	454	24	0
1149	1	21	62	455	0
1150	2	21	455	62	0
1151	1	21	35	456	0
1152	2	21	456	35	0
1153	1	21	71	457	0
1154	2	21	457	71	0
1155	1	21	117	458	0
1156	2	21	458	117	0
1157	0	22	459	460	17
1158	0	22	460	461	3
1159	0	22	461	462	2
1160	0	22	462	463	2
1161	0	22	463	464	2
1162	0	22	464	465	2
1163	0	22	465	466	2
1164	0	22	466	467	3
1165	0	22	467	468	1
1166	0	22	468	469	20
1167	0	22	469	468	20
1168	0	22	468	467	1
1169	0	22	467	465	4
1170	0	22	466	464	1
1171	0	22	464	463	3
1172	0	22	463	462	2
1173	0	22	462	461	3
1174	0	22	461	460	3
1175	0	22	460	459	17
1176	1	22	117	459	0
1177	2	22	459	117	0
1178	1	22	71	460	0
1179	2	22	460	71	0
1180	1	22	35	461	0
1181	2	22	461	35	0
1182	1	22	62	462	0
1183	2	22	462	62	0
1184	1	22	24	463	0
1185	2	22	463	24	0
1186	1	22	46	464	0
1187	2	22	464	46	0
1188	1	22	72	465	0
1189	2	22	465	72	0
1190	1	22	73	466	0
1191	2	22	466	73	0
1192	1	22	86	467	0
1193	2	22	467	86	0
1194	1	22	5	468	0
1195	2	22	468	5	0
1196	1	22	118	469	0
1197	2	22	469	118	0
1198	0	23	470	471	1
1199	0	23	471	472	3
1200	0	23	472	473	2
1201	0	23	473	474	9
1202	0	23	474	473	8
1203	0	23	473	472	2
1204	0	23	472	471	4
1205	0	23	471	475	1
1206	1	23	73	470	0
1207	2	23	470	73	0
1208	1	23	46	471	0
1209	2	23	471	46	0
1210	1	23	30	472	0
1211	2	23	472	30	0
1212	1	23	43	473	0
1213	2	23	473	43	0
1214	1	23	119	474	0
1215	2	23	474	119	0
1216	1	23	72	475	0
1217	2	23	475	72	0
1218	3	-1	40	8	3.128916722287387
1219	3	-1	8	40	3.128916722287387
1220	3	-1	44	35	1.8746880153111452
1221	3	-1	35	44	1.8746880153111452
1222	3	-1	48	41	3.5834013929602317
1223	3	-1	41	48	3.5834013929602317
1224	3	-1	57	54	3.3414365034890365
1225	3	-1	54	57	3.3414365034890365
1226	3	-1	61	58	3.722149236569216
1227	3	-1	58	61	3.722149236569216
1228	3	-1	62	36	3.2492512481256473
1229	3	-1	36	62	3.2492512481256473
1230	3	-1	64	0	3.649381216001736
1231	3	-1	0	64	3.649381216001736
1232	3	-1	65	56	3.3625214019167555
1233	3	-1	56	65	3.3625214019167555
1234	3	-1	73	72	0.0
1235	3	-1	72	73	0.0
1236	3	-1	74	56	3.0443785497543394
1237	3	-1	56	74	3.0443785497543394
1238	3	-1	74	65	2.2088282091162275
1239	3	-1	65	74	2.2088282091162275
1240	3	-1	78	77	0.0
1241	3	-1	77	78	0.0
1242	3	-1	81	27	2.3737822570439118
1243	3	-1	27	81	2.3737822570439118
1244	3	-1	82	5	3.1309894016959348
1245	3	-1	5	82	3.1309894016959348
1246	3	-1	84	18	2.9068669436007917
1247	3	-1	18	84	2.9068669436007917
1248	3	-1	86	38	1.932551270656996
1249	3	-1	38	86	1.932551270656996
1250	3	-1	87	22	1.3134192757933365
1251	3	-1	22	87	1.3134192757933365
1252	3	-1	100	98	0.0
1253	3	-1	98	100	0.0
