[add_tenure], [drop_tenure], [sol_current], [sol_best], obj_current, obj_best, iteration, nonimp_in, nonimp_out, tenure, temperature, [attractive_objectives], [[attractive_solutions]]
0.000000000000000	0.000000000000000	0.000000000000000	1.000000000000000	0.000000000000000	0.000000000000000	0.000000000000000	0.000000000000000	0.000000000000000	0.000000000000000	0.000000000000000	0.000000000000000	0.000000000000000	3.899999999999999	0.000000000000000	0.000000000000000	0.000000000000000	0.000000000000000	0.000000000000000	0.000000000000000	0.000000000000000	0.000000000000000	0.000000000000000	5.899999999999999	
0.000000000000000	4.000000000000000	0.000000000000000	0.000000000000000	0.000000000000000	0.000000000000000	1.934999999999999	0.000000000000000	0.000000000000000	0.000000000000000	0.000000000000000	0.000000000000000	0.000000000000000	0.000000000000000	0.000000000000000	0.000000000000000	0.000000000000000	0.000000000000000	0.000000000000000	0.000000000000000	0.000000000000000	0.000000000000000	0.000000000000000	0.000000000000000	
7	8	7	2	3	3	4	2	2	2	1	3	5	10	4	5	3	3	5	4	3	4	4	1	
7	8	7	2	3	3	4	2	2	2	1	3	5	10	4	5	3	3	5	4	3	4	4	1	
-174160.086164228181588
-174160.086164228181588
500
0
1
6.899999999999999
6063789448611851.000000000000000
-168575.823158429149771	-163692.070804643619340	-170993.789745175279677	-167388.472164376522414	-169705.618145073240157	-170993.789745175279677	-166322.805007881426718	-170578.644560955755878	-166678.322696752380580	-168959.974453235074179	-169453.802528976753820	-170212.924038539669709	-170216.026967630721629	-169687.786706669139676	-170740.702381472598063	-168348.986101421556668	-168476.784387645428069	-167388.472164376522414	-166544.078192876040703	-168862.611041052499786	-170212.924038539669709	-170993.789745175279677	-167487.978004801552743	-170724.500878800987266	-168157.884079314622795	-166678.322696752380580	-165301.346139889472397	-166641.184172787819989	-168932.992481747234706	-168959.974453235074179	-169453.802528976753820	-170541.407309118338162	-172163.266522651741980	-170993.789745175279677	-170212.924038539669709	-170216.026967630721629	-169687.786706669139676	-170740.702381472598063	-170626.937862393620890	-169652.025128850480542	
6	6	5	2	3	3	4	4	2	2	1	3	5	10	4	5	3	3	5	4	3	4	4	2	
6	6	5	2	3	3	4	7	2	2	1	3	5	6	4	5	3	3	5	4	3	4	4	3	
8	6	6	2	3	3	4	2	2	2	1	3	5	10	4	5	3	3	5	4	3	4	4	1	
6	7	5	2	3	3	4	2	2	2	1	3	5	9	4	5	3	3	5	7	3	4	4	1	
7	5	6	2	3	3	4	2	2	2	1	3	5	11	4	5	3	3	5	5	3	4	4	1	
8	7	6	2	3	3	4	2	2	2	1	3	5	9	4	5	3	3	5	4	3	4	4	1	
6	7	4	2	3	3	4	3	2	2	1	3	5	10	4	5	3	3	5	4	3	4	4	3	
7	6	6	2	3	3	4	4	2	2	1	3	5	9	4	5	3	3	5	4	3	4	4	1	
6	5	4	2	3	3	4	8	2	2	1	3	5	8	4	5	3	3	5	4	3	4	4	2	
6	8	6	2	3	3	4	3	2	2	1	3	5	9	4	5	3	3	5	4	3	4	4	1	
6	8	7	2	3	3	4	2	2	2	1	3	5	9	4	5	3	3	5	4	3	4	4	1	
8	5	6	2	3	3	4	2	2	2	1	3	5	11	4	5	3	3	5	4	3	4	4	1	
7	5	6	3	3	3	4	2	2	2	1	3	5	11	4	5	3	3	5	4	3	4	4	1	
7	5	6	3	3	3	4	2	2	2	1	3	5	10	4	5	3	3	5	4	3	4	4	2	
7	5	7	3	3	3	5	3	2	2	1	3	5	10	4	5	3	3	5	4	3	4	4	2	
7	8	6	2	3	3	4	2	2	2	1	3	5	8	4	5	3	3	5	5	3	4	4	1	
6	8	6	2	3	3	4	2	2	2	1	3	5	8	4	5	3	3	5	6	3	4	4	1	
6	7	5	2	3	3	4	2	2	2	1	3	5	9	4	5	3	3	5	7	3	4	4	1	
7	5	5	2	3	3	4	2	2	2	1	3	5	9	4	5	3	3	5	8	3	4	4	1	
6	5	7	2	3	3	4	2	2	2	1	3	5	10	4	5	3	3	5	6	3	4	4	1	
8	6	6	2	3	3	4	2	2	2	1	3	5	10	4	5	3	3	5	4	3	4	4	1	
8	7	6	2	3	3	4	2	2	2	1	3	5	9	4	5	3	3	5	4	3	4	4	1	
5	8	5	2	3	3	4	2	2	2	1	3	5	10	4	5	3	3	5	4	3	4	4	3	
7	5	6	2	3	3	4	5	2	2	1	3	5	9	4	5	3	3	5	4	3	4	4	1	
6	5	6	2	3	3	4	6	2	2	1	3	5	9	4	5	3	3	5	4	3	4	4	1	
6	5	4	2	3	3	4	8	2	2	1	3	5	8	4	5	3	3	5	4	3	4	4	2	
6	5	4	2	3	3	4	8	2	2	1	3	5	7	4	5	3	3	5	4	3	4	4	3	
6	7	6	2	3	3	4	5	2	2	1	3	5	7	4	5	3	3	5	4	3	4	4	2	
6	7	6	2	3	3	4	4	2	2	1	3	5	8	4	5	3	3	5	4	3	4	4	2	
6	8	6	2	3	3	4	3	2	2	1	3	5	9	4	5	3	3	5	4	3	4	4	1	
6	8	7	2	3	3	4	2	2	2	1	3	5	9	4	5	3	3	5	4	3	4	4	1	
7	8	7	2	3	3	4	2	2	2	1	3	5	8	4	5	3	3	5	4	3	4	4	1	
7	7	6	2	3	3	4	2	2	2	1	3	5	10	4	5	3	3	5	4	3	4	4	1	
8	6	6	2	3	3	4	2	2	2	1	3	5	10	4	5	3	3	5	4	3	4	4	1	
8	5	6	2	3	3	4	2	2	2	1	3	5	11	4	5	3	3	5	4	3	4	4	1	
7	5	6	3	3	3	4	2	2	2	1	3	5	11	4	5	3	3	5	4	3	4	4	1	
7	5	6	3	3	3	4	2	2	2	1	3	5	10	4	5	3	3	5	4	3	4	4	2	
7	5	7	3	3	3	5	3	2	2	1	3	5	10	4	5	3	3	5	4	3	4	4	2	
7	6	6	2	3	3	5	2	2	2	1	3	5	9	4	5	3	3	5	4	3	4	4	2	
7	7	7	2	3	3	5	2	2	2	1	3	5	8	4	5	3	3	5	4	3	4	4	1	
