[add_tenure], [drop_tenure], [sol_current], [sol_best], obj_current, obj_best, iteration, nonimp_in, nonimp_out, tenure, temperature, [attractive_objectives], [[attractive_solutions]]
2.899999999999999	0.000000000000000	4.899999999999999	0.000000000000000	0.000000000000000	0.000000000000000	0.000000000000000	0.000000000000000	0.000000000000000	0.000000000000000	0.000000000000000	0.000000000000000	0.899999999999999	0.000000000000000	0.000000000000000	0.000000000000000	0.000000000000000	0.000000000000000	0.000000000000000	0.000000000000000	0.000000000000000	0.000000000000000	0.000000000000000	0.000000000000000	
0.000000000000000	1.000000000000000	0.000000000000000	0.000000000000000	0.000000000000000	0.000000000000000	0.000000000000000	0.000000000000000	0.000000000000000	0.000000000000000	0.000000000000000	0.000000000000000	0.000000000000000	5.000000000000000	0.000000000000000	0.000000000000000	0.000000000000000	0.000000000000000	0.000000000000000	0.000000000000000	0.000000000000000	0.000000000000000	0.000000000000000	0.000000000000000	
7	5	7	4	3	3	4	2	2	2	3	3	5	7	4	5	3	5	5	4	3	4	4	1	
7	5	7	4	3	3	4	2	2	2	3	3	5	7	4	5	3	5	5	4	3	4	4	1	
-669524.366938250605017
-669524.366938250605017
500
0
0
6.000000000000000
6063789448611851.000000000000000
-654857.680391052737832	-658475.532325610867701	-651548.031204262631945	-654857.680391052737832	-660141.466246017836966	-651548.031204262631945	-650431.988692661165260	-654857.680391052737832	-657994.789191332878545	-654724.788009476382285	-650431.988692661165260	-654857.680391052737832	-654724.788009476382285	-660141.466246017836966	-654556.908349821227603	-654857.680391052737832	-658475.532325610867701	-654857.680391052737832	-657994.789191332878545	-658475.532325610867701	-660141.466246017836966	-654556.908349821227603	-654857.680391052737832	-654724.788009476382285	-657994.789191332878545	-660141.466246017836966	-657124.106529391719960	-651548.031204262631945	-650431.988692661165260	-654857.680391052737832	-654724.788009476382285	-657994.789191332878545	-657124.106529391719960	-654556.908349821227603	-650431.988692661165260	-654724.788009476382285	-657125.529356094542891	-657994.789191332878545	-658475.532325610867701	-660141.466246017836966	
8	5	6	2	3	3	4	2	2	2	3	3	6	6	4	5	3	5	5	4	3	4	4	1	
6	6	6	4	3	3	4	2	2	2	3	3	5	6	4	5	3	5	5	4	3	4	4	1	
6	5	6	2	3	3	4	2	2	2	3	3	5	8	4	5	3	6	5	4	3	4	4	1	
8	5	6	2	3	3	4	2	2	2	3	3	6	6	4	5	3	5	5	4	3	4	4	1	
6	6	6	4	3	3	4	2	2	2	3	3	5	7	4	5	3	4	5	4	3	4	4	1	
6	5	6	2	3	3	4	2	2	2	3	3	5	8	4	5	3	6	5	4	3	4	4	1	
8	5	5	2	3	3	4	2	2	2	3	3	5	7	4	5	3	6	5	4	3	4	4	1	
8	5	6	2	3	3	4	2	2	2	3	3	6	6	4	5	3	5	5	4	3	4	4	1	
6	5	7	4	3	3	4	2	2	2	3	3	5	6	4	5	3	5	5	4	3	4	4	1	
8	5	7	2	3	3	4	2	2	2	3	3	6	6	4	5	3	4	5	4	3	4	4	1	
8	5	5	2	3	3	4	2	2	2	3	3	5	7	4	5	3	6	5	4	3	4	4	1	
8	5	6	2	3	3	4	2	2	2	3	3	6	6	4	5	3	5	5	4	3	4	4	1	
8	5	7	2	3	3	4	2	2	2	3	3	6	6	4	5	3	4	5	4	3	4	4	1	
6	6	6	4	3	3	4	2	2	2	3	3	5	7	4	5	3	4	5	4	3	4	4	1	
7	5	6	2	3	3	4	2	2	2	2	3	5	8	4	5	3	6	5	4	3	4	4	1	
8	5	6	2	3	3	4	2	2	2	3	3	6	6	4	5	3	5	5	4	3	4	4	1	
6	6	6	4	3	3	4	2	2	2	3	3	5	6	4	5	3	5	5	4	3	4	4	1	
8	5	6	2	3	3	4	2	2	2	3	3	6	6	4	5	3	5	5	4	3	4	4	1	
6	5	7	4	3	3	4	2	2	2	3	3	5	6	4	5	3	5	5	4	3	4	4	1	
6	6	6	4	3	3	4	2	2	2	3	3	5	6	4	5	3	5	5	4	3	4	4	1	
6	6	6	4	3	3	4	2	2	2	3	3	5	7	4	5	3	4	5	4	3	4	4	1	
7	5	6	2	3	3	4	2	2	2	2	3	5	8	4	5	3	6	5	4	3	4	4	1	
8	5	6	2	3	3	4	2	2	2	3	3	6	6	4	5	3	5	5	4	3	4	4	1	
8	5	7	2	3	3	4	2	2	2	3	3	6	6	4	5	3	4	5	4	3	4	4	1	
6	5	7	4	3	3	4	2	2	2	3	3	5	6	4	5	3	5	5	4	3	4	4	1	
6	6	6	4	3	3	4	2	2	2	3	3	5	7	4	5	3	4	5	4	3	4	4	1	
6	6	6	3	3	3	4	2	2	2	3	3	5	8	4	5	3	4	5	4	3	4	4	1	
6	5	6	2	3	3	4	2	2	2	3	3	5	8	4	5	3	6	5	4	3	4	4	1	
8	5	5	2	3	3	4	2	2	2	3	3	5	7	4	5	3	6	5	4	3	4	4	1	
8	5	6	2	3	3	4	2	2	2	3	3	6	6	4	5	3	5	5	4	3	4	4	1	
8	5	7	2	3	3	4	2	2	2	3	3	6	6	4	5	3	4	5	4	3	4	4	1	
6	5	7	4	3	3	4	2	2	2	3	3	5	6	4	5	3	5	5	4	3	4	4	1	
6	6	6	3	3	3	4	2	2	2	3	3	5	8	4	5	3	4	5	4	3	4	4	1	
7	5	6	2	3	3	4	2	2	2	2	3	5	8	4	5	3	6	5	4	3	4	4	1	
8	5	5	2	3	3	4	2	2	2	3	3	5	7	4	5	3	6	5	4	3	4	4	1	
8	5	7	2	3	3	4	2	2	2	3	3	6	6	4	5	3	4	5	4	3	4	4	1	
7	5	7	3	3	3	4	2	2	2	3	3	6	6	4	5	3	4	5	4	3	4	4	1	
6	5	7	4	3	3	4	2	2	2	3	3	5	6	4	5	3	5	5	4	3	4	4	1	
6	6	6	4	3	3	4	2	2	2	3	3	5	6	4	5	3	5	5	4	3	4	4	1	
6	6	6	4	3	3	4	2	2	2	3	3	5	7	4	5	3	4	5	4	3	4	4	1	
