[add_tenure], [drop_tenure], [sol_current], [sol_best], obj_current, obj_best, iteration, nonimp_in, nonimp_out, tenure, temperature, [attractive_objectives], [[attractive_solutions]]
0.000000000000000	2.899999999999999	0.899999999999999	0.000000000000000	0.000000000000000	0.000000000000000	0.000000000000000	0.000000000000000	0.000000000000000	0.000000000000000	0.000000000000000	0.000000000000000	0.000000000000000	4.899999999999999	0.000000000000000	0.000000000000000	0.000000000000000	0.000000000000000	0.000000000000000	0.000000000000000	0.000000000000000	0.000000000000000	0.000000000000000	0.000000000000000	
1.000000000000000	0.000000000000000	0.000000000000000	0.000000000000000	0.000000000000000	0.000000000000000	0.000000000000000	0.000000000000000	0.000000000000000	0.000000000000000	5.000000000000000	0.000000000000000	0.000000000000000	0.000000000000000	0.000000000000000	0.000000000000000	0.000000000000000	3.000000000000000	0.000000000000000	0.000000000000000	0.000000000000000	0.000000000000000	0.000000000000000	0.000000000000000	
6	5	8	3	3	3	4	2	2	2	3	3	5	7	4	5	3	6	5	4	3	4	4	1	
6	5	8	3	3	3	4	2	2	2	3	3	5	7	4	5	3	6	5	4	3	4	4	1	
-247136.220218608330470
-247136.220218608330470
500
0
0
6.000000000000000
6063789448611851.000000000000000
-238781.413623204280157	-242654.432202677242458	-238108.255152626399649	-243088.993377983715618	-238781.413623204280157	-238781.413623204280157	-238108.255152626399649	-238781.413623204280157	-241509.291057569615077	-239378.784192924125819	-238108.255152626399649	-242654.432202677242458	-241509.291057569615077	-243088.993377983715618	-241017.501674877741607	-238108.255152626399649	-238781.413623204280157	-243088.993377983715618	-241017.501674877741607	-238108.255152626399649	-243088.993377983715618	-241017.501674877741607	-239378.784192924125819	-238781.413623204280157	-243088.993377983715618	-242654.432202677242458	-238108.255152626399649	-238781.413623204280157	-241509.291057569615077	-241017.501674877741607	-239378.784192924125819	-238108.255152626399649	-238781.413623204280157	-241509.291057569615077	-243088.993377983715618	-242654.432202677242458	-239378.784192924125819	-238108.255152626399649	-238781.413623204280157	-241509.291057569615077	
6	5	7	4	3	3	4	2	2	2	1	3	5	8	4	5	3	5	5	4	3	4	4	1	
5	5	8	2	3	3	4	2	2	2	3	3	5	7	4	5	3	6	5	4	3	4	4	1	
5	6	7	4	3	3	4	2	2	2	1	3	5	8	4	5	3	5	5	4	3	4	4	1	
6	5	6	3	3	3	4	2	2	2	3	3	5	7	4	5	3	6	5	4	3	4	4	1	
6	5	7	4	3	3	4	2	2	2	1	3	5	8	4	5	3	5	5	4	3	4	4	1	
6	5	7	4	3	3	4	2	2	2	1	3	5	8	4	5	3	5	5	4	3	4	4	1	
5	6	7	4	3	3	4	2	2	2	1	3	5	8	4	5	3	5	5	4	3	4	4	1	
6	5	7	4	3	3	4	2	2	2	1	3	5	8	4	5	3	5	5	4	3	4	4	1	
6	5	7	4	3	3	4	2	2	2	1	3	5	7	4	5	3	6	5	4	3	4	4	1	
5	6	8	2	3	3	4	2	2	2	2	3	5	8	4	5	3	5	5	4	3	4	4	1	
5	6	7	4	3	3	4	2	2	2	1	3	5	8	4	5	3	5	5	4	3	4	4	1	
5	5	8	2	3	3	4	2	2	2	3	3	5	7	4	5	3	6	5	4	3	4	4	1	
6	5	7	4	3	3	4	2	2	2	1	3	5	7	4	5	3	6	5	4	3	4	4	1	
6	5	6	3	3	3	4	2	2	2	3	3	5	7	4	5	3	6	5	4	3	4	4	1	
5	6	8	3	3	3	4	2	2	2	3	3	5	6	4	5	3	5	5	4	3	4	4	1	
5	6	7	4	3	3	4	2	2	2	1	3	5	8	4	5	3	5	5	4	3	4	4	1	
6	5	7	4	3	3	4	2	2	2	1	3	5	8	4	5	3	5	5	4	3	4	4	1	
6	5	6	3	3	3	4	2	2	2	3	3	5	7	4	5	3	6	5	4	3	4	4	1	
5	6	8	3	3	3	4	2	2	2	3	3	5	6	4	5	3	5	5	4	3	4	4	1	
5	6	7	4	3	3	4	2	2	2	1	3	5	8	4	5	3	5	5	4	3	4	4	1	
6	5	6	3	3	3	4	2	2	2	3	3	5	7	4	5	3	6	5	4	3	4	4	1	
5	6	8	3	3	3	4	2	2	2	3	3	5	6	4	5	3	5	5	4	3	4	4	1	
5	6	8	2	3	3	4	2	2	2	2	3	5	8	4	5	3	5	5	4	3	4	4	1	
6	5	7	4	3	3	4	2	2	2	1	3	5	8	4	5	3	5	5	4	3	4	4	1	
6	5	6	3	3	3	4	2	2	2	3	3	5	7	4	5	3	6	5	4	3	4	4	1	
5	5	8	2	3	3	4	2	2	2	3	3	5	7	4	5	3	6	5	4	3	4	4	1	
5	6	7	4	3	3	4	2	2	2	1	3	5	8	4	5	3	5	5	4	3	4	4	1	
6	5	7	4	3	3	4	2	2	2	1	3	5	8	4	5	3	5	5	4	3	4	4	1	
6	5	7	4	3	3	4	2	2	2	1	3	5	7	4	5	3	6	5	4	3	4	4	1	
5	6	8	3	3	3	4	2	2	2	3	3	5	6	4	5	3	5	5	4	3	4	4	1	
5	6	8	2	3	3	4	2	2	2	2	3	5	8	4	5	3	5	5	4	3	4	4	1	
5	6	7	4	3	3	4	2	2	2	1	3	5	8	4	5	3	5	5	4	3	4	4	1	
6	5	7	4	3	3	4	2	2	2	1	3	5	8	4	5	3	5	5	4	3	4	4	1	
6	5	7	4	3	3	4	2	2	2	1	3	5	7	4	5	3	6	5	4	3	4	4	1	
6	5	6	3	3	3	4	2	2	2	3	3	5	7	4	5	3	6	5	4	3	4	4	1	
5	5	8	2	3	3	4	2	2	2	3	3	5	7	4	5	3	6	5	4	3	4	4	1	
5	6	8	2	3	3	4	2	2	2	2	3	5	8	4	5	3	5	5	4	3	4	4	1	
5	6	7	4	3	3	4	2	2	2	1	3	5	8	4	5	3	5	5	4	3	4	4	1	
6	5	7	4	3	3	4	2	2	2	1	3	5	8	4	5	3	5	5	4	3	4	4	1	
6	5	7	4	3	3	4	2	2	2	1	3	5	7	4	5	3	6	5	4	3	4	4	1	
